Classic	Alfredo
1409	1112
1821	1142
2493	1133
1304	1315
1283	2275
1469	1105
1523	2121
2660	1070
1911	1182
1021	2255
1182	1152
3052	2169
1826	1106
1200	1059
3166	1102
1032	1180
1397	1245
2232	1118
2141	2103
2096	1068
3054	1177
1067	1251
1979	1098
3237	1198
3556	1104
1962	1064
1974	1096
3523	1112
3664	1069
2644	1243
1404	1102
3139	1198
3138	2100
1671	1149
2310	1089
2198	1105
1839	1204
3168	1073
1629	2337
2368	1226
2736	1084
1158	1099
1690	1072
1164	1072
1307	1062
1915	1103
2513	1170
3506	1188
1452	1114
1111	1182
1938	1103
2427	1064
2286	1064
1652	2086
2481	1225
1989	1125
1049	1121
1878	1123
1837	1200
1798	1153
3256	1071
1196	2132
1668	1159
1620	1118
1242	1076
2133	1242
1390	2232
1742	1053
1358	1127
1943	1158
2181	1077
1792	1096
1954	2119
1560	1059
1712	1106
1583	1152
1194	1083
1804	1073
1919	1121
1948	1110
3117	1112
2177	1090
1462	1154
1561	1103
3141	1142
1385	1234
1183	1117
1591	1097
1561	1061
2022	1078
3005	1084
1775	1202
1475	1073
1417	1117
2716	1065
2756	1117
1162	1258
2312	1117
3207	1083
2566	1082
